21913
9692
22901
9069
22349
5853
28209
5673
28272
10
23288
1948
29361
6236
27766
5527
21725
6150
24913
563
29980
9545
21207
9770
28791
1177
26402
3217
22644
1045
20910
8856
28230
6042
27333
1497
24156
3212
26415
6143
23657
2577
25209
4951
28127
2146
20894
6248
24515
6603
24856
3719
24565
3651
23580
3408
24131
8566
23443
452
21789
4124
21468
2232
24092
6956
27399
5907
27743
2296
26162
719
25916
7702
28175
4709
24513
3823
27734
6894
28606
8456
26926
5918
24914
2008
25320
9373
25986
3634
28321
7885
24891
6925
23043
8602
26407
6687
25906
207
27749
3695
28691
1882
20859
2270
28088
1498
20803
818
20237
3702
27708
2703
28981
9774
25308
3585
27133
2241
27097
9839
29713
2034
21036
2862
29290
2528
24434
9052
23614
5745
21458
9695
24591
1121
24216
3581
25893
7182
22086
1405
23244
745
21886
8594
23637
780
20729
1326
27642
2256
28975
956
25785
5673
29068
3817
26544
8315
25646
2139
29015
5048
20609
6085
20834
5039
25789
249
26107
9096
22111
3208
29679
9079
23685
1319
29628
2730
22365
6976
20512
7553
20804
5645
27464
8500
22338
2420
22856
2495
25145
6165
21545
4215
21629
2592
28755
9851
28943
835
20235
5977
25584
7922
24376
4065
27144
5258
23158
7896
29012
273
26037
3958
24557
1765
25216
2308
21481
5658
21469
2190
20238
1771
28214
9231
23631
506
22932
6440
24822
9638
24868
5065
26191
7544
25522
1013
22987
8598
28814
9836
28144
8084
26023
3874
28466
5061
23303
4719
22383
2117
21029
6884
23016
4
26370
9354
28474
9385
20561
311
23653
1374
23110
7455
28621
3077
21850
7251
24078
8136
29881
8262
29615
8001
23651
7678
22507
3919
26504
4440
28797
1712
21546
699
27008
2443
22746
5905
29335
6201
23112
6521
22130
926
26147
5658
26681
7916
23122
1090
20173
3513
27097
4527
23718
4222
21631
7672
23453
9211
23233
7974
21653
5268
29875
6498
20788
8520
25803
8681
26567
1484
21661
4902
24469
9576
23893
9531
29780
9742
25679
7218
23286
1414
27700
8575
21692
2894
24489
4788
27816
9943
22880
4635
26870
5524
29834
2526
23846
9643
21599
9335
20028
5739
26876
7565
28072
3913
22120
8878
24325
3470
21284
8055
22416
639
20072
628
21483
8993
23710
7352
24332
1404
21995
9847
27723
5533
25947
6188
25867
7939
23394
5370
22584
978
23651
3700
24591
583
25258
3704
28513
9624
21258
9535
26230
7437
29586
209
25392
7053
27130
409
23525
8482
21600
4988
27346
6959
21614
7207
27923
7133
21913
5507
29933
9072
25472
6975
27328
7810
26065
9401
29130
8894
21742
4985
27195
8793
21341
6255
27284
9441
26591
6684
28956
4506
27609
8400
21940
5828
23939
8638
25223
4662
20451
9414
23252
8803
23528
9601
25976
4364
26696
2931
28486
4501
21160
487
24322
3799
23643
6038
25736
4994
26643
3559
21075
4879
21199
9918
23753
1181
27149
3478
20159
190
25722
2085
28050
4487
29943
8604
24235
8616
21474
4595
20422
7071
26772
6153
29758
3787
21573
2179
21690
902
28250
3657
24015
6270
24160
8814
26217
3530
20166
7648
25794
1306
22899
7448
29277
6061
24872
5582
29891
7149
27376
4107
24029
2480
21297
8425
22407
1097
20320
4437
29022
7024
25655
9381
28305
9740
25269
3023
28043
9844
28244
9033
27427
1120
21642
9460
23124
5523
28186
3690
25301
5833
26769
3894
21834
7931
24174
7096
21868
0
26563
3295
25500
6985
25770
487
20707
644
24480
128
23956
1012
23887
6955
29752
265
28937
668
26038
1493
23344
9934
27481
8029
22515
9633
25981
2695
22660
3134
24529
7188
23771
1991
25753
7749
29937
3850
27361
7346
23838
8509
20014
5326
21760
3105
20311
7404
21095
4928
27878
5105
22743
8464
25120
2822
20745
448
28799
5518
27123
5070
20603
5495
23141
9777
22472
8229
21346
1699
21371
4774
23053
2611
26061
6565
24525
742
26509
6236
29661
4190
26138
1124
23747
8308
20798
2793
20254
1687
20428
6717
28746
2318
26982
9802
25074
2910
26307
9954
25212
4789
24612
3030
24583
414
25579
9189
21466
2689
20590
816
23589
8987
20343
9877
21459
6562
23536
2460
23332
2432
28150
8322
26113
5180
23795
6223
24890
5243
20901
4495
22382
5019
22022
4224
27496
6467
25168
7861
28865
9923
28318
2761
23792
2869
26455
2418
21287
3631
29687
7219
20148
7236
26271
1517
25287
2800
20332
1830
23625
1861
26627
9851
24525
3491
23069
235
26931
555
25714
9210
22317
9871
23419
1390
20789
2729
23645
6273
20595
4834
20884
3250
20288
9374
29101
3122
29033
3127
27853
7375
24519
3336
24278
9423
22341
3312
29505
8932
25838
9509
25838
1973
25859
6791
20049
2682
22227
8742
28208
7582
28526
4235
26468
5073
26461
561
26215
2441
23569
3761
22997
2811
26664
2086
25173
381
26273
3521
24764
8880
27492
2554
24132
1794
29658
5924
29650
6053
25256
2677
26085
2415
27253
3446
27713
2205
26435
1791
24086
7769
28578
2793
27312
7474
21005
3918
25830
9143
21520
7214
29269
914
29640
3840
22103
6930
28790
3525
28888
6372
20951
7663
29924
7162
26215
463
23318
7424
20950
1453
29395
635
27803
7956
26128
8958
28023
344
24594
5627
27002
2273
23989
369
20051
1095
25777
5927
26599
4138
28160
2313
26148
7851
29944
6112
28805
3508
25081
2699
27757
2990
29396
4237
26109
3099
29985
5545
20018
208
27156
3293
20207
3803
25907
5758
20597
98
23642
6984
28940
7916
24395
7912
24442
2863
28781
8952
24272
1287
22743
2294
29606
6219
26618
8808
28398
3840
25287
7363
24167
2742
23313
8229
26855
4494
29225
7461
23347
368
27872
7123
22759
2126
22540
6971
25374
1519
20660
5418
25762
319
20793
3251
25946
3060
28360
9500
24643
9788
28015
4723
20599
2047
24156
8249
22667
1901
20984
5212
23524
2092
21113
4015
22999
910
21416
2083
27364
6366
28733
6910
27489
7341
25158
2986
24705
5027
28600
1532
24392
3468
22436
3350
29920
4273
20410
8300
23996
8024
20614
8608
28551
8744
26801
2545
22575
956
22056
8754
22934
2451
20539
1405
23539
2919
28080
1679
22313
7703
28204
8115
27259
8932
28322
5778
20645
8218
27487
1189
29223
2478
20529
5282
25190
5285
26550
2494
28945
1817
28537
4039
26869
5316
26247
1217
26404
140
21988
5656
22824
521
24536
3342
23508
7067
23058
6124
22855
2607
22422
961
20276
6881
29530
4595
21624
4072
26288
4864
26653
2033
22473
2044
22611
2162
21652
5682
26031
4330
26486
840
22318
8120
20968
4176
22011
3270
27853
1225
27288
6625
25409
436
23242
8941
25913
5790
21251
2684
29129
475
25732
7878
29277
1157
23789
45
24830
9926
23626
2228
21691
9339
21768
6860
21740
7264
29393
4082
21195
602
20338
4822
20573
3254
26254
6360
25724
9794
21005
3628
26454
2362
22501
2311
20677
8239
28110
1162
29647
3915
27182
2838
26731
1232
25876
5747
23785
5337
26780
5339
29369
4277
28421
1435
23671
2578
26099
5496
24534
7385
23648
9292
26387
4270
24922
9705
23488
4655
21287
5257
28171
3017
24351
7096
23299
1930
29580
3175
24679
5322
20634
2180
24041
9355
27883
9216
21532
895
26360
7961
27535
3443
26355
3726
28259
2912
21848
7788
28550
9985
22534
6853
25734
717
20140
8162
25015
4686
29334
4259
22744
1142
28558
2081
24199
6395
27404
7126
27708
5483
27769
7721
29875
8720
21113
4025
22900
1016
20496
6976
22011
8949
29137
2903
28989
5547
22489
3676
26155
9463
29549
6640
23806
9904
27266
8781
25833
8872
20759
1960
23065
2667
26175
4585
26151
718
29202
6068
20783
1472
28066
3725
22727
4352
27503
4227
22397
4564
28906
8287
28312
9145
23552
8249
25199
5666
23253
6194
23918
825
22188
5076
23284
7944
22560
9918
27230
5634
26695
7457
20886
1718
23949
65
23287
1808
29539
5870
28205
1739
28844
6068
25291
5012
24719
2119
25008
6100
28189
9158
27734
4341
25395
6404
26860
6159
21865
2531
22052
5543
28036
6986
26194
0
21662
9454
24377
6785
28256
3002
28475
3972
26296
3680
23193
1907
21969
5334
29622
5706
21235
13
27328
7934
24030
9693
29543
7368
24305
8306
28614
1811
25395
5500
22040
9054
22998
2945
26070
4242
20666
5144
25633
7340
24412
9102
22340
1285
20577
5077
28475
5776
26538
4556
20017
1926
21847
9232
26010
6579
26318
5531
26520
178
20170
414
26517
787
26959
7695
20824
5869
24445
8951
25931
5870
22723
8870
28113
4432
27829
1361
27773
4022
21375
9479
25856
6707
22736
1323
29597
3382
25929
9706
25040
838
20621
9631
26900
4431
20098
1515
24878
5628
21583
4494
24741
2641
29325
319
23002
7140
27356
2137
20923
8288
25949
2097
23417
1629
24489
5835
22686
146
27653
3522
25669
3797
27443
3224
23779
7624
22210
1105
28695
3642
26131
9220
23651
4116
25563
3103
21100
4652
26450
5460
27038
5481
21824
5574
24043
6768
29941
4912
29423
9856
22834
7949
25097
1363
20438
5334
29804
1794
27983
2334
25606
5541
29445
8272
26568
5603
26866
6148
21598
1352
27265
8440
21513
3214
24103
6124
24497
3533
29320
3528
28690
748
29806
2762
24800
1668
21705
4245
26519
8169
25509
2899
24129
3674
28500
2955
25328
2910
24575
1037
22005
4445
24959
9284
26474
373
29208
3523
21647
9962
24890
5098
22836
5979
25458
1445
24440
1683
22732
7990
27770
908
23049
3042
27036
1930
20900
7177
29770
7179
27133
1794
25098
4553
20964
4046
26402
4754
24202
8123
25306
5533
25651
6314
21554
8331
25677
5443
29965
1836
22948
666
22038
311
24336
930
27884
5139
22861
1343
22997
6591
22359
2640
22354
9462
29591
2557
28779
2767
26362
6799
23340
5319
21715
8097
20256
6404
20272
9267
29678
8731
24290
8946
24726
4715
22200
8980
24581
8827
27136
9368
22130
6561
25821
8581
26314
3629
29686
7319
22645
9156
20357
1137
24626
3038
23610
9673
28183
3709
29748
7794
20452
218
29212
6606
24856
9190
20209
3937
25672
6747
29887
2475
26463
8690
28059
5478
22597
7532
26459
1922
27911
9440
22086
3539
28679
6329
28969
4068
22099
9632
29357
2162
24533
9761
23269
2202
22344
6647
29676
8476
23481
1480
20823
1060
20260
5923
29707
7608
20825
1261
21574
9086
20009
3307
23975
2026
24330
6605
25332
8455
26366
3588
23299
6215
28084
6770
29650
9018
25673
1542
20351
1151
27060
5037
26886
854
22465
9291
21239
2833
20075
7406
25005
1315
21110
7460
25335
4599
25133
8174
27237
3892
26552
5511
27785
7498
25427
9106
27009
233
20318
9620
21992
4095
27523
5435
28484
7259
21124
1749
23288
2060
20204
6105
26731
6536
23787
7609
26049
8265
23492
7776
29833
3761
27440
2949
21654
3462
23152
3723
26286
2791
22111
6598
25771
9029
20620
5227
23893
4201
20675
1116
23411
6917
25277
7926
28071
3108
29654
7868
27776
438
25268
582
22479
4766
20973
3667
28600
6560
29898
1945
24620
6833
21669
6819
22343
9013
24301
7382
27244
2653
23998
2693
29005
8638
24375
1412
25693
2577
26139
8704
29156
8911
24891
1133
21999
3509
28704
3049
20833
2339
29488
6190
20678
8335
23094
5493
24279
6212
22902
8139
22572
913
20041
4178
27947
6400
26603
517
23094
9217
26933
7089
24336
2038
28277
7776
24368
2828
29519
3602
29479
1603
25968
5787
25239
2916
20749
5401
25334
9647
23769
8397
25267
4060
27024
2111
28260
9147
23435
7702
25971
3013
24342
1419
28174
7503
28687
9320
24409
4621
20440
7256
27094
6214
27686
2927
28531
7310
20951
430
24114
732
24078
9823
24144
7682
27342
634
24949
7283
21929
3439
20481
2481
23659
8259
24954
3665
27739
3274
21542
1447
24952
5922
29468
1726
20236
5905
25324
2331
23319
7412
28750
7186
24578
7796
20257
3278
20367
8576
28875
8097
26954
2526
20304
1971
27048
753
20017
4741
21296
8791
26755
2507
25318
8119
23051
7834
25987
1976
22528
1663
21374
6766
23944
3785
25347
952
24038
4306
21571
7647
29956
4743
25236
7266
25727
6600
20186
3695
27068
6641
22354
9202
26420
102
27563
9288
22827
7522
29747
6876
27483
788
29020
9438
21127
4720
26954
3927
23076
2507
24226
1192
24790
9539
25620
2424
26269
1736
22853
1308
21078
3929
29151
7674
24782
8857
20178
8598
27411
7671
20919
5062
24938
61
28250
5149
26875
5011
22236
2701
21887
4323
20685
1525
28513
8658
25542
1811
24748
1273
26702
8738
25370
959
21424
7634
23652
6626
28698
9263
26191
8102
29980
9627
25812
2286
22949
9347
25906
4085
22175
5950
24574
2010
23082
8896
27791
4112
26473
360
24995
4029
27677
5578
23461
3386
21459
5430
27666
6452
21060
8071
20887
61
21918
8882
23329
8986
25686
8656
22063
9776
23641
3523
24658
9989
27780
754
21888
8642
26203
3235
24018
8940
24558
4769
27154
4224
21991
6295
24264
4329
26103
2225
26299
1091
28222
6709
20472
2005
28655
10
20728
2965
20839
3458
21344
6951
22380
9986
28361
2954
20395
8980
24081
903
20612
9537
26278
2759
27769
2357
23681
4201
24545
4910
26112
8170
29199
3869
29489
4840
20157
207
25213
4251
29147
2635
20611
3873
22762
9604
24728
3617
20575
3580
20276
3699
20708
1625
29308
5979
27807
1878
21134
4178
25430
6170
24578
5348
21394
7048
29517
6540
24803
364
27200
4960
25413
4288
26238
8925
27931
5034
25631
2243
26070
1665
27838
8097
20098
8593
24019
9818
28244
644
26530
6241
27187
1181
21970
7796
29820
486
24530
5880
21731
3835
21145
8259
23418
2261
26108
3765
24254
6600
24044
8317
23698
8695
25207
6812
20292
5676
21577
4140
23533
2055
28971
8660
29150
5810
22133
928
26921
7213
20055
5088
23829
1477
22743
4606
23269
7183
28338
3919
29581
6977
23168
4072
24577
4300
26240
2298
29952
1646
22410
6573
26088
6051
23340
4808
26054
805
28576
7990
26003
7813
29750
2440
20800
7606
24404
6300
26644
9042
28896
5280
21666
46
28991
2864
24320
6567
28554
7269
21483
8665
25394
7595
28587
6526
25770
6765
25838
8110
23420
8426
29574
7774
21672
3542
20155
3804
22418
3745
27572
3226
20558
7757
27288
6422
27500
8070
21716
1354
23782
3142
27436
7640
23148
3743
24464
1951
25086
8395
23782
3401
25492
9984
22024
3765
20663
8993
26135
1630
26694
1894
26821
3101
20675
5183
29442
3355
24000
5183
20613
5592
29114
9311
23627
5504
28342
3945
25960
3899
20829
7830
22286
999
22430
2940
27780
4658
23653
1662
27776
5176
21511
7328
29272
2947
29112
8913
28532
1009
28657
2084
21187
8208
24368
2556
22754
1420
29613
851
27008
827
24766
5391
20154
8053
27443
4486
28239
8077
20602
1165
22923
49
29543
1959
29696
5552
22102
9059
25416
1521
26038
4620
20955
8943
24228
2672
20779
8912
22784
814
28067
4365
28322
9263
21170
6633
29099
6586
26931
2330
20241
6299
20695
7511
27612
1321
22866
6173
28060
2562
21686
764
20793
2343
29941
5118
29760
9672
21830
2172
23168
2206
27461
7508
28465
7154
26727
7846
20983
9869
25938
8547
24756
2562
27290
9771
23226
6737
24062
9808
21886
4576
23351
8079
22569
8016
22641
789
22367
3947
22545
6035
29037
5240
21902
6567
30000
5515
23190
9905
22364
3999
28772
9304
21562
8416
20502
6363
22551
8848
24105
4348
24671
8181
21215
7475
27377
3640
27692
6156
28758
8909
21142
144
23843
7809
29690
730
29779
7422
28273
6136
28326
4507
28730
4124
22131
7891
26092
6125
24131
7553
20869
8775
29751
7644
24472
4134
25105
9563
23446
4868
27297
9081
28788
3058
28825
2315
26878
8174
25240
7231
27654
2663
22540
9430
22872
196
25283
4192
27928
5324
22870
7821
26327
9647
26803
5764
20981
2450
27717
8197
27229
5841
26785
1230
29124
316
28860
3651
27172
5897
20959
9593
25513
7851
23147
7868
26081
9547
28447
7062
22330
1775
20796
4336
21051
9901
26418
4208
20415
7661
25211
570
24481
5922
29181
4209
20588
7644
20201
871
22590
3706
28086
9981
22230
3497
28987
1603
26150
713
21785
1762
28062
9541
26603
823
29059
4161
24810
3730
24956
9165
21939
9210
29663
4088
28185
9350
28257
3255
21073
9907
25536
5052
28924
361
22070
6048
27315
9135
27422
2764
26070
1858
26178
8494
26790
4913
26060
1803
26854
4890
24111
5488
23078
9915
28945
5756
20800
7446
24187
5891
28622
8227
22272
5913
23435
7564
20565
1819
20661
952
21771
8796
28476
959
22974
3855
21535
5993
23886
4194
25291
9477
21645
4115
29798
2703
20032
5006
26223
4501
26763
6856
29041
4306
24881
955
25706
7403
23709
2758
27989
6447
23732
5095
25720
1647
27784
1869
27267
3911
20018
3163
26382
2211
23222
394
29523
6753
21449
7721
24585
4624
24999
1094
27460
7658
26258
3092
21508
7395
21373
3131
28464
5045
22708
3522
25566
8970
26852
6445
22213
1421
20482
2757
25684
8068
27151
5822
28608
3001
24486
726
28939
4419
23601
7200
27039
9764
23698
9769
22201
7133
29606
8798
28782
5804
23059
5026
29277
4918
28212
2619
25521
8151
26170
9071
22763
4026
25029
7755
27359
6038
25882
7645
29726
984
26364
7997
22248
6043
23304
8106
29021
6232
22005
78
22515
9157
29037
2734
26282
8818
26654
4312
28746
1192
29863
2925
24703
6616
24710
3010
22963
1064
28891
8826
25118
4119
23957
9579
23496
6956
28363
9646
26408
3162
22201
9467
27503
2313
20116
4862
20389
1215
25788
3855
23054
4650
29090
1146
23261
3813
28145
2180
27324
1618
23363
249
24849
2317
27416
5609
20996
3537
25226
4396
25992
5298
27221
7140
22682
2306
20469
2147
26419
902
27423
3050
21094
3024
20365
5139
27062
7038
20617
4724
25289
7539
29150
7909
21006
1680
22940
2091
26011
8701
25215
9007
26676
4405
21979
1369
23656
5573
26861
9923
20640
3343
25380
278
22742
9246
20816
5044
29000
5490
25034
8707
21428
1272
29597
6828
25833
2394
24466
1771
21951
3678
26391
2828
26570
6985
26574
6598
21169
8462
20555
1780
25830
7939
21461
8650
23973
5770
27955
5963
20193
7775
24003
1669
27577
1581
24136
2519
28393
8184
24677
5056
27806
6158
23144
4812
26118
850
21574
3601
29538
1043
26482
8558
29073
576
22661
5642
25307
9962
24745
6764
26939
3436
24229
2670
25953
2664
28117
2692
23139
4555
23054
2560
26966
1099
22349
7667
29983
5893
24710
7392
26344
7241
28644
6832
20867
9034
26532
2814
23448
7235
29587
5169
28297
3750
27968
7165
25934
3600
28440
1398
27210
6436
22256
5490
21562
6169
23608
3643
21704
5112
29029
3630
22957
5364
26260
8929
20808
4728
21281
52
21109
2711
22066
6022
27532
5550
24630
6286
22639
9249
26864
8528
24888
3072
23906
8120
24160
6761
21501
1387
22253
6945
21141
2210
27826
963
29328
4984
24418
8131
20587
6820
22345
8242
29191
6018
29324
524
23151
4642
25840
4898
25753
7132
21611
569
21187
766
22955
6962
27069
4512
26648
9335
22027
4379
28349
5128
29499
8394
24678
9540
27102
8564
26857
2494
29851
5124
29550
5744
25854
4092
22050
6529
20977
3005
22343
3204
28242
5298
25895
5201
26036
703
25850
6809
26836
5758
24842
4169
28357
4722
21809
7277
29762
5596
29127
9342
28224
487
23374
4956
28532
6543
22531
755
28603
3824
25682
7111
26454
5985
26352
7015
29448
5641
29507
8622
23293
4257
21499
7103
21969
197
26087
6139
26595
8769
27699
234
22767
8149
25226
7209
26856
7244
25343
3516
23889
2486
20546
1463
23760
9667
26346
5017
28971
8126
21032
2567
21071
5798
21378
5650
29016
8764
26196
5342
25886
1869
21547
4223
21025
6293
29774
9761
28102
3814
28092
1286
29126
9380
24930
254
22384
607
20713
1331
27700
5560
29029
8541
24246
9332
23589
1321
22983
6213
26626
6445
21651
8764
24484
1110
24303
9216
22257
1932
22171
4851
29766
2559
25676
3526
27832
5317
27301
8743
22346
437
24429
8175
24548
4815
25284
404
20569
6013
29971
1
26737
4458
27374
6509
23098
7569
28330
4745
28927
4064
25446
1646
22927
5673
26141
7952
28951
7101
25947
2329
26320
3295
25363
5085
25067
2371
21859
4018
25263
4047
25201
2618
24568
7571
25885
4962
22091
8753
22115
3440
28445
2132
27987
6681
24348
3904
20443
2037
27818
9819
23805
8133
26248
8721
27781
7930
27552
7309
20912
1981
23283
6979
28280
7517
21836
7908
22963
2078
29931
7303
22082
6390
27189
5618
25433
7190
27888
7244
21085
9473
23172
3997
23467
7709
22272
8202
28663
3900
23532
9083
21460
2251
27415
5319
22254
9255
26799
5587
21109
8812
21287
1142
24733
7087
28957
1677
20923
7506
26102
7010
28938
1544
27599
8172
24476
8548
22074
7172
22506
7937
23735
137
25605
4689
20979
9580
26758
6833
27835
7530
20243
3472
26781
6364
22780
7288
20497
7841
22072
6942
24682
7271
24834
7470
22191
2430
24196
8174
23590
5173
22693
5524
28393
4910
26296
1559
22668
1269
28249
4870
23020
3618
25278
4991
26908
6890
24765
9592
24405
7923
22887
8762
24515
8124
23710
6742
24072
2212
25768
6616
29364
729
24171
3241
29853
2924
21629
7484
26144
3231
28805
500
20620
383
23170
667
21029
8412
21044
3058
28311
5476
20322
9688
23288
9080
29145
1568
25289
1767
25652
7803
29389
4469
27427
3580
24505
1604
23266
6796
29815
4364
28750
8241
23131
9802
29391
6490
22916
6317
28032
6053
24219
7511
28663
7818
28845
1531
22672
1993
26003
4820
26400
1860
26141
5807
22800
7563
28451
6799
20307
3236
25016
6178
23993
5146
28559
7130
28449
5255
29470
141
20181
4761
23444
9846
23715
8033
20676
552
20434
6322
23725
2575
23976
1745
25803
321
20583
4662
29597
6901
27491
3437
22181
975
28670
5284
29485
4228
28982
797
25968
2423
28782
2380
24137
4337
21291
7030
23377
6045
27555
2495
23881
9077
26326
9705
29939
5792
27839
3708
22709
3951
21176
9816
27541
1174
20027
6402
27510
571
22881
6429
29461
5874
25376
3542
29271
438
26836
4687
27162
563
27822
5193
27622
4780
26186
2003
26965
7507
20539
166
26376
470
25514
6361
23991
758
25180
9946
22939
8105
20977
8265
27431
3490
26057
4279
21234
5689
21172
2296
23682
182
25172
1459
28120
8331
24218
3593
21661
8415
23101
5277
29184
4488
22773
5692
28565
6359
27157
8835
22484
3182
29458
637
25494
8472
20649
4488
26487
1011
22982
9248
29027
4741
21064
6273
26981
8401
23559
2798
27429
7171
26901
6645
28956
4202
27081
2119
23186
1119
25561
5325
26952
2094
26474
8367
23451
9570
29911
4216
20084
1939
25705
7079
29692
5456
24385
183
29787
2914
24416
4521
21683
7365
29680
9005
24702
474
28762
5474
23112
2243
23469
8546
22700
9060
28638
104
27610
9024
20936
5035
26970
4694
28489
9262
28790
3234
25094
8255
22628
8940
26403
1490
24592
298
21426
7403
27464
9990
20413
7369
20899
5288
25804
1888
25219
7573
22768
9059
29592
731
29248
6683
23590
4962
27762
4382
28056
3451
20345
954
24684
2350
27646
5669
23472
9898
25672
224
21376
319
26920
2201
22021
1267
24059
1400
29137
5268
24350
1121
24927
7803
24650
226
22811
6897
25699
5940
24818
1163
28443
2532
25478
6232
26136
2605
23710
6012
28608
5268
22806
8283
22441
2563
29563
5898
29498
5444
28273
4832
29964
1519
29373
3872
25907
6614
22858
9386
27443
2452
28023
2596
29469
6008
21755
7116
20625
2474
22089
5288
20931
1682
25901
2252
27534
5369
23701
5797
21997
8663
22942
4266
20123
4639
27825
3546
26026
2331
25221
2080
25832
593
29082
7936
22776
2805
23732
9477
27605
2246
21920
7651
27374
4314
28474
2361
24469
6231
25527
5410
21123
801
26392
8873
24529
1055
20676
122
25703
3032
24744
5398
25942
5059
22103
1357
29175
8047
22862
7521
21959
916
27223
3447
28659
2789
26964
6606
24191
3191
25935
7954
20695
4934
20309
9504
22399
9996
21914
9609
24016
1270
26092
4632
28016
138
21851
6097
21450
7863
23972
5299
20215
993
23925
9467
28954
8250
21373
2516
21217
4289
23165
7338
21157
552
29549
9891
25765
1324
29175
3576
29995
9591
24551
1332
28444
600
23298
677
29917
8599
20255
2933
24405
4253
20957
2364
23477
3994
24082
6855
26905
3711
21340
1625
24755
4198
23554
8789
28173
9612
26134
352
29851
8991
27285
2436
20425
1452
20874
6079
28188
9709
28269
9310
22433
1705
20100
6239
23362
1539
29782
8711
25548
3492
23626
5413
25106
3391
26284
2974
29715
7047
28103
293
28245
2442
28418
2652
24304
4456
21156
2034
20271
5600
24520
4521
20896
3333
21989
6442
28972
8022
21302
2571
22875
146
27823
7132
20570
2578
21772
6168
23074
5579
29392
5698
20758
8497
23487
5845
22489
6947
27335
9216
20624
1015
29876
8283
23907
8382
24341
5252
26165
40
27732
1177
24169
1156
20204
5943
21457
2314
28320
3090
24198
8989
24691
9180
25137
6011
20765
3224
26978
1629
24721
9846
23529
2924
28058
1606
25960
4371
24811
9593
24815
4020
26228
8453
22724
233
25538
2811
23321
1538
29686
7823
22474
8285
22481
65
29825
4340
27384
9816
22834
8955
22116
8249
27072
6779
28914
2829
25968
5263
27916
3613
28886
4562
21672
3250
27067
4206
21743
5262
24850
5088
24200
5658
20827
1397
20646
5126
29060
5779
29989
9037
23786
254
28943
8422
21479
6657
22624
439
21439
7111
26328
1728
29589
2492
28199
5552
22982
7261
23957
7630
23869
5675
27352
1593
25632
3582
27510
352
27906
4496
24469
3591
29391
3610
21222
8577
22067
9687
26707
4017
21213
6902
26162
9801
26605
5402
23795
3908
26377
1358
23114
5632
25166
4424
21608
358
29531
5102
22261
6469
21930
106
24267
4023
27355
9853
21676
9762
21482
892
24629
5387
23676
2398
22579
7873
27942
5535
20506
4790
20318
9761
27326
1946
26294
6955
24187
9969
26531
36
24185
6089
25918
3635
29961
8760
21657
2903
23627
3875
23283
9867
24825
3034
25531
4445
26643
3847
26946
3785
25845
3060
23078
4748
21386
6742
25568
4990
29982
6898
25552
5602
20838
3281
29208
7891
25876
7541
29274
2961
24559
6342
28501
7421
20878
4982
27328
2844
28548
4226
29226
9405
22863
77
22738
2354
24716
4838
23794
7639
24141
1634
25198
1106
27582
3192
23317
4923
23471
8306
26889
4718
27406
4050
22652
1472
28750
2813
27358
9758
25596
2114
21590
6376
23426
1273
27088
8056
28354
9449
23547
3070
23152
6819
21995
3921
25666
3492
23839
4217
29846
9183
23685
8319
29715
8439
21313
8263
26449
1146
25283
4436
28672
111
27041
6433
28033
5032
24467
7730
21701
8932
21861
3614
27068
1088
24776
3010
20716
2608
23585
9487
27822
5905
25005
6954
25547
4459
28053
508
23891
4311
26910
3257
24878
2357
24176
399
23523
8019
20851
2740
20696
2405
28480
1188
21786
732
20176
8785
21748
2880
27727
1370
28508
864
26786
5169
21195
1508
26054
6010
25923
8784
24122
7833
26449
3597
20099
4356
29912
5275
20242
159
28239
7351
20905
117
25641
3521
26349
4078
21110
9117
28773
4811
28236
1399
25489
7641
26651
6983
23409
2015
20675
9387
22785
7423
25793
2634
26165
5915
25404
4617
29414
5266
24702
8064
22091
7542
26275
1242
23443
2897
25629
1095
23783
8668
24818
2759
21778
3681
29239
439
22244
5650
20365
8670
27739
8033
28489
2515
27054
3560
23184
1554
21806
7031
27445
2792
27418
1369
20170
8369
21890
4182
23265
7545
28904
6375
28640
8153
22768
3628
23301
6424
26750
3074
29246
6991
23499
765
29737
5340
29112
9037
28327
3881
27662
3015
21880
4710
21591
924
21585
3863
26515
7531
28820
4929
25341
4076
20822
1888
21883
9169
26904
5682
22057
3342
24122
3187
20046
5363
27904
8508
25452
8535
26403
5502
22193
6214
24436
8970
24463
5476
21945
9250
29055
6077
21042
4984
21930
6798
26124
5453
20997
6243
24732
1039
25180
357
26795
7868
26051
5330
21992
9238
29371
1119
26698
5761
28745
2669
29889
5890
24747
3048
28738
1756
21239
7505
21632
2849
26463
7588
26952
6315
23372
267
20944
1928
25101
8698
28177
9171
26840
1192
23530
4028
26804
5865
28333
7253
24196
2089
20959
4179
24870
4914
21198
3890
20350
6717
25980
8806
23818
71
24430
3066
25348
7031
28486
7047
26052
3008
21541
6803
25315
1345
27059
5383
21354
5669
24376
795
25464
9026
27026
6822
23498
8172
25745
541
27196
4341
26260
3677
23944
6248
26129
9947
20992
5267
20918
8092
23408
7343
23499
4774
21322
1704
22464
7638
29904
6438
27347
9138
27659
8374
20957
5131
22455
1521
20704
6908
24838
4639
21400
3522
20401
9502
22461
7506
24565
5645
26955
8715
21946
3471
24471
9728
23323
4412
29261
2207
25639
749
21294
1698
23602
1987
21322
8297
26203
2991
25947
3702
27889
7953
23005
446
23304
1016
24484
6285
21404
3623
28079
9403
25658
8107
23129
8907
24655
6208
23988
2728
29444
403
29806
4658
25133
9093
27708
8111
23581
7351
21161
8783
25395
4187
24592
4175
24104
6042
22891
6928
27293
2036
25224
7895
20754
6210
20839
5779
20017
1985
26953
130
23328
2571
23064
1908
25000
396
27953
9631
25347
9322
21161
2025
23727
4540
20861
1981
26458
9886
24247
9561
25467
3776
26592
8820
20305
64
26691
8907
29492
8720
28595
1317
27253
7685
29374
1780
25553
2052
20314
643
25452
5827
22295
6318
21433
3209
23852
8290
28884
275
29054
8155
27183
2930
28089
510
26712
6101
25150
6161
28296
8105
22425
3305
29614
8468
21145
1965
27689
1300
20559
3118
25342
3766
24246
6038
25005
3644
20910
695
29611
8672
21787
6736
29275
9253
26690
8874
20379
4253
20912
6092
28269
2579
22429
1735
24667
4010
22589
8474
29449
8855
28878
3312
25005
6224
25854
2684
25006
664
21371
5318
26413
3592
24128
3324
21380
7086
22956
8455
26044
9201
24789
3392
21565
2431
27266
7678
25524
8908
28510
7717
21640
1221
21806
1130
20390
9361
26989
4308
26006
1485
22549
4927
20078
318
23439
8271
27493
9291
22509
9887
22745
6569
25101
3822
26543
8867
27147
1193
24076
6397
22094
7130
27390
1512
28784
9808
27659
1098
25879
4774
21331
9136
27303
9127
28029
3346
21605
5782
27896
7856
26096
6120
23387
9772
24856
1175
21427
3411
25335
3422
23515
3075
27702
1256
29044
6970
23230
3982
21527
9029
20756
6366
27522
2479
27325
7823
24041
2179
23668
7800
23708
3434
24809
4891
22295
3248
20806
2592
21653
9788
24053
9014
21219
1680
24278
5159
27032
6641
25589
2628
21578
6317
27229
4256
28639
2718
21269
9925
24409
8066
25742
9981
22841
6980
26267
7058
23780
9244
27678
8596
28905
5085
25135
9269
21267
9231
23101
9046
29964
4381
27578
5644
22387
6294
25758
5498
23777
7087
23240
9419
26292
1257
25319
4421
28613
3126
21055
1326
29423
7756
29832
8851
26642
248
20273
1684
27472
5309
21880
8422
20343
7571
26647
218
27069
3204
21518
6284
29314
6940
21400
5613
26719
9803
23507
7428
24197
7173
29605
9831
26887
7996
26251
7105
25935
8572
26626
2280
24610
9335
29403
6741
29440
9033
25849
6030
23199
5429
24954
7133
29391
5352
22122
8650
22444
377
28389
9993
26690
2405
29615
1392
26661
2516
24685
5471
26092
5551
22340
3503
27443
6687
21974
2170
21152
9315
29874
3546
29653
434
20000
3016
23787
9924
28717
2361
20391
9706
27805
2569
26463
4664
26162
4781
24105
6860
21701
4928
28789
546
21687
2924
29819
7547
23821
1636
27880
4527
29498
8497
24288
2656
29950
4912
21276
8008
21049
4544
28550
9337
25092
5108
29377
519
21149
8860
26767
1672
20772
3839
26793
4140
26682
1994
23069
4556
22246
2100
23113
4672
20546
7495
20020
2042
23979
8062
28162
4566
26732
1980
27145
2474
26637
3930
24043
5580
26344
7490
20060
7392
28882
7538
20054
9462
26739
3811
28457
3512
29500
2081
23532
9845
20590
6107
27771
7770
29667
5777
29255
9865
29491
8323
27403
1063
24429
161
28773
7084
22933
9982
23176
2000
21526
1018
29971
5154
27565
1491
22453
6781
25727
5529
27730
276
20052
726
27499
4091
24784
8171
27559
3324
28412
5281
20787
767
20905
4209
27133
8264
27483
1737
24945
9230
28950
8061
24273
9253
21769
6011
27627
3271
22827
662
21440
2569
22698
5563
21963
9128
26389
7790
20500
2549
28422
9901
29614
8371
28882
7256
21597
3974
23689
1172
22271
7714
24697
9402
29623
7059
25635
4190
26146
1847
26772
8408
24474
114
25236
859
24312
8671
29733
718
28648
6589
25550
545
27603
4478
20437
2829
27063
5537
24811
7075
28263
1245
28985
8853
28303
1030
24569
8370
26147
783
25250
8288
23980
8011
26649
8466
22879
9003
20593
5545
29318
591
29105
7300
25799
46
21061
2832
24535
4759
23563
5573
22503
4050
23588
9601
23958
654
25355
6206
22329
1342
24003
456
20447
395
26597
6004
20776
4010
25839
2732
22384
8417
28710
8792
27154
5351
29392
2179
20087
7243
24264
9479
21828
3659
29515
4473
27173
6601
22660
8239
23551
6877
22396
3796
22482
5376
24986
7207
29028
2016
26986
6090
25157
6494
22139
9652
20407
1503
28308
3452
22514
8473
20052
9503
21398
9723
23226
2563
20151
1452
28362
3403
29850
9258
29604
3981
22704
4679
22328
9110
23487
5901
29590
3325
29858
9750
25254
680
29487
1134
29124
7679
28634
4570
23897
4569
21069
9362
28285
8857
20878
8600
29854
9614
29034
819
23983
754
20916
9237
28387
1692
27540
480
26518
3331
25696
4890
23555
4500
23495
8633
23634
5058
27505
7858
22596
4727
26243
3468
26107
9684
27073
979
26571
3825
28428
665
26539
7145
21210
651
22398
75
28372
5694
26730
7510
29775
8521
26968
6721
23503
5023
26905
7677
23646
8801
23979
4283
27521
4872
23749
1636
23558
918
27903
3493
21448
782
24472
6804
25901
1411
21629
4373
23271
3665
29174
5031
20552
8540
25361
6221
20831
4539
20253
5279
21069
2665
26725
9440
23537
8900
27545
4937
29612
3259
26865
5812
24662
5290
21112
3665
24881
8864
23680
5650
27611
8221
29803
1991
28828
4905
26006
4238
20868
7201
29043
8563
22941
8532
20970
5317
22199
3781
26506
2417
22127
5115
20895
903
22320
4448
23723
3966
26868
6009
25080
314
21032
678
21712
3211
22223
8050
23355
5130
25694
7252
20042
9900
27345
7595
29691
8311
22928
6752
26899
8863
23122
3887
21648
2100
20065
8832
25918
5959
27247
3449
25213
3598
21884
1384
27231
3223
24275
6104
21442
2930
24306
7677
25986
8018
20005
2011
26014
4080
22918
2448
26646
2823
22048
5726
25340
4717
28053
3580
28485
1064
24683
1740
26735
6300
27648
3827
24216
7701
21940
5620
28311
180
27643
1241
25965
2128
21725
9547
20853
1233
25342
3881
24625
3556
21848
6387
29739
5404
27141
3592
22967
1967
27711
5614
28460
7058
22619
7572
23398
5300
29263
6577
20518
7700
24149
8686
28676
8582
20326
419
29093
500
25154
3276
26101
2433
26803
2886
26679
8155
22976
6108
24937
7965
20607
8310
21075
1985
29914
5925
29266
139
26069
8441
22518
6163
29931
5950
29306
2276
28801
1269
25631
1124
22439
3994
22457
4546
24089
875
26271
7303
25417
5887
26453
7983
25077
4972
22032
8518
24231
5023
21423
6379
23404
8393
25637
8094
29498
4413
24331
3574
22923
3515
27540
4685
29246
5818
22172
3775
28130
6895
23799
849
28492
3041
24566
664
25632
3714
22756
7181
29153
2061
29671
3485
20703
785
29696
1716
29531
2547
24473
5936
20591
3575
25476
3807
28356
129
21554
4002
22562
7025
27324
7817
21151
2704
27316
1630
23543
2606
26842
5792
22285
8621
25495
7067
25585
4069
23927
3925
23918
9206
29810
3715
25575
3289
23088
8630
20344
8281
20143
1725
21676
8568
24335
9661
24756
1983
21721
1201
22288
9550
26941
2176
29095
782
29021
7430
27252
6489
24758
1339
22948
2816
25679
6030
26949
7668
27876
4933
25740
7312
20320
6970
23437
181
26829
2524
21128
8569
24533
1186
21704
5396
27866
8153
25157
8456
29960
478
23770
6810
22195
8292
25769
5746
23769
7153
27995
5147
25553
9281
25144
8086
28923
7926
29346
8150
23893
8008
25975
9420
24854
9938
28526
7294
21030
8601
24829
7674
24018
4061
29121
9613
20027
3121
25292
428
20495
4205
24430
3032
23250
1694
28935
8381
21784
3284
25120
7711
28309
3197
28162
9292
28346
4137
24887
8108
20742
4490
28689
3244
22741
1798
25000
6163
26809
4493
28341
9379
29367
1090
26041
9385
24888
98
24247
118
20930
9190
25184
9745
21970
3440
21649
1687
25714
4514
26181
2166
29321
227
27933
5015
22434
9382
22600
2853
23795
7063
24198
2567
21029
8766
28635
4109
24780
4165
27907
6338
25171
836
25915
4013
22806
112
25304
5972
27239
2225
25392
4421
29304
8746
22550
1584
23548
8284
22402
8702
20536
6775
24552
179
21639
1693
21823
3212
24096
3027
29581
8846
27650
7949
29717
4055
22475
1784
25705
5676
27402
6653
28087
6226
27380
7567
22282
3120
21619
4713
21248
8363
22909
1952
21175
2873
25065
6772
21688
9027
24831
2077
21277
5895
23132
8694
21819
3791
25431
1628
20792
5692
26800
8864
21037
2558
26072
8248
27697
7615
27765
4473
20593
6455
24092
3893
29212
6286
29185
9853
22078
8699
21508
236
24401
4382
28377
2951
23419
9049
21507
4801
24218
8392
22893
7955
24070
756
26584
6670
26541
9365
24400
7177
26214
2138
24414
1048
25876
3870
22296
2449
25358
1325
23915
7335
23504
9067
27353
2677
25365
416
20632
8732
28952
3909
27124
3577
25663
1864
24020
8828
27801
5698
21750
2450
29308
3812
22876
848
21017
93
23975
6608
28513
923
20045
7201
26170
9450
27956
8092
22464
8989
20886
9778
22437
8847
28945
4645
26404
4574
25050
1539
22524
6000
22987
2031
23190
1342
25598
2713
27297
4467
27855
6105
26572
8818
21443
1360
20096
9936
24363
3443
21362
1268
23150
6253
26588
7005
28963
6714
25172
429
27551
893
28657
7969
23853
3181
26805
2130
24547
6775
24862
534
29135
271
20567
7149
26038
8187
21687
1342
25636
5483
25089
3830
27731
1868
22489
4471
21531
7524
28516
104
26824
9991
27169
9881
29804
913
23032
3591
29976
9560
27474
5044
20630
3921
23436
5818
20127
6815
24780
3052
20002
6918
23320
7474
23105
7838
20322
7206
26642
1210
27218
5340
24201
761
26343
5946
29515
6968
20301
2830
27944
840
27290
7580
26391
5136
25293
7094
24948
9646
22687
8830
23901
5379
29189
9667
21990
3465
25143
1914
27931
227
25720
7712
22967
1197
29450
2640
23569
4682
29477
7776
24711
1075
24752
1894
23148
8390
21470
2799
22295
582
28872
5066
29005
5185
21724
2852
29996
2141
20374
8207
24201
4533
22891
1797
25111
5782
25527
5486
29675
2798
27615
4981
28919
7139
28742
8252
20753
6663
22819
8508
23677
442
20786
9669
27834
6747
28825
5871
20812
5213
28363
3241
25627
5693
26756
2419
29019
5961
26139
238
24819
4911
20725
706
20810
7261
22596
280
23718
5166
21221
9600
27054
8120
20641
9593
22763
640
26732
3798
20839
4987
24241
5202
26119
9879
27404
2585
21264
6436
22727
5967
29993
2627
27306
5318
22219
5060
21739
9794
26636
4012
21066
2549
24557
2001
28061
6869
26338
1724
22372
9868
25181
6306
28606
1749
27869
7336
20343
6206
24939
6805
24990
2223
21436
2845
25671
440
22001
3684
28415
6172
23246
5049
24144
7665
28895
9964
24386
1935
23840
2372
22288
7418
29089
2921
21158
3049
22460
1435
29037
8304
23735
5854
23141
5885
24005
7559
28206
3841
26628
4607
29534
1973
29820
451
29177
788
29641
7100
25991
8140
21246
6236
21058
6557
26379
6916
29449
2779
22782
4070
27121
576
27847
9943
24638
282
25527
2922
26403
1452
24733
8467
20605
6730
29736
598
29877
6302
23920
5525
26922
462
29911
6356
27700
6479
25995
4065
26538
9593
29815
7584
23009
9541
26906
7574
21566
7686
28726
9235
22153
1327
20096
2509
21363
7802
23071
4602
25680
8398
28394
6973
20747
2110
26538
6902
20010
2869
20779
1188
27903
2497
24674
5834
23053
9309
26512
8075
20327
359
23965
812
20431
4019
26624
6571
22415
9457
27830
3877
23703
4228
21904
3759
21484
1468
21313
9356
26321
8282
26255
8597
24777
5489
28143
3096
21873
7807
22257
1701
26228
4595
27918
102
21437
6632
23950
2470
24025
5378
26596
8034
20952
1111
23618
2461
20136
3500
29904
2348
26592
5699
23628
6793
28860
4753
20477
5506
25160
3744
21445
7242
27096
7151
28713
8950
21751
5843
29089
5421
28010
4554
29093
281
22297
9070
23953
6947
20573
2116
27105
1379
22309
2812
25661
361
24019
8768
23846
2085
26986
9082
29390
3843
23591
9349
29369
1429
28961
7518
28463
2038
20793
7294
29510
3291
23082
1678
26235
9113
22881
442
25489
3829
28623
8060
23594
8337
27203
7051
23094
3665
24519
444
25479
1413
23793
6459
27588
2374
21098
4460
22192
9455
27708
2681
29947
9587
20515
5674
28677
6208
28738
645
29688
6321
23215
689
21073
2232
29833
2339
23667
6939
29416
8399
23504
7908
22038
1424
21312
7320
21644
1055
23183
1227
24138
1547
25785
9064
23655
396
26242
96
28655
551
24851
242
21022
3511
28133
2837
23574
6527
28974
2576
29037
9165
20573
7814
20645
7326
26845
3863
29137
4866
22466
1766
25513
7761
20086
797
28740
9676
20284
2865
22518
1892
22174
9098
22522
5796
28262
4299
20830
1515
27023
8058
28271
9345
26355
1700
21825
3086
29173
4696
29550
6006
26159
6382
22102
5907
21981
6294
29553
3018
26302
3120
20589
7819
23066
3552
27406
8852
23652
5495
21579
7824
20161
8740
23715
1481
27913
5215
24711
9660
26560
2754
26624
7513
22307
7349
26567
8882
28284
2883
20766
7121
27083
332
24484
3979
28915
9586
22070
4509
28139
8292
28022
9730
25542
5277
20569
2183
22672
3529
29423
9263
23940
3481
26310
628
26146
139
25459
1088
24699
8778
28117
270
25094
8239
29234
4370
29757
6411
22874
2129
28967
558
27463
9602
22458
7919
29017
8571
25582
8351
29951
3679
21556
6538
22318
9902
26246
9377
23007
3955
23239
5851
25463
5748
25501
5651
29528
3755
23175
1696
28592
9366
27159
3029
24203
5166
20400
6750
28749
6192
24331
5501
21974
9706
21352
152
29401
703
26065
1601
26904
773
22646
6685
27288
9226
28150
6720
28653
4063
29000
1239
28860
6146
29630
71
20189
1571
26183
4676
29069
3843
23068
5644
23272
9968
26883
3929
26583
861
27304
7221
25755
7034
22638
398
25074
2812
28783
7823
22630
9066
20188
8248
23620
4030
28200
57
20169
4407
21662
4430
26178
6311
28542
6927
21464
2629
23364
5368
24362
6220
27785
2087
26561
3296
22219
4032
23911
31
23706
4509
27473
1050
28763
8770
28262
5288
22715
6381
22996
651
23514
3829
20257
8208
22199
4972
21760
1349
20652
5306
20904
5099
29869
5235
21368
4235
24512
5767
21182
7053
21843
4853
20696
929
27173
2796
29078
8818
29574
2094
29547
3780
27633
3286
27907
3585
28098
7580
26943
7689
21080
9294
23432
4647
20332
5291
20929
9076
22889
8328
20581
4209
22082
6160
28139
4926
25608
8415
25980
7551
20925
445
24109
3462
29426
339
27460
1585
29469
6913
22514
3576
28196
185
21822
9361
27004
786
28560
6094
29253
9438
20268
1613
27588
3753
21320
2684
20923
6489
24027
8321
21855
9255
23788
4371
25004
3248
20049
2257
28088
9136
22079
6578
26039
6146
28977
2116
25397
8054
20589
3576
26409
1321
28870
8356
22060
4466
23569
4989
25778
9569
29824
6745
29211
2367
23675
3478
20474
4524
25535
3259
21291
3979
27763
6948
24331
6999
23718
8146
27162
4327
20581
3557
27975
2370
24751
3368
29836
9744
27685
112
23760
5418
29237
8244
20960
6041
26374
8214
20895
707
26338
4929
26777
2262
28457
2406
28313
9480
26814
2393
26003
9713
21168
726
24984
7432
27801
8793
28797
6180
29688
9842
22025
9938
26643
6826
26154
9980
26812
1921
21092
4506
28352
8610
20573
6678
29311
7484
21755
3800
25519
476
20247
6166
20569
6912
20212
3824
23808
7912
23853
5878
25520
7930
21475
9798
21581
1558
20258
5728
23632
7055
21897
6453
27747
7068
26546
9840
24042
3001
26315
7683
23311
1685
25235
3459
23639
6493
27322
8903
20392
9587
20600
1780
20775
6009
28478
9091
25619
3990
25508
8974
23515
5089
23111
9604
25009
2704
29135
745
28563
69
28778
211
26293
676
29061
2619
23907
7649
24213
2896
21454
292
28057
9967
20091
4764
27209
8264
23248
2339
21537
5055
28357
3876
20892
3258
29375
8396
27101
4006
21599
4382
22105
2301
26382
6551
23524
4871
27675
4502
22008
9460
25630
1854
29446
5935
29995
8025
28292
4275
27367
4638
24430
2441
23165
7330
22411
2438
25417
1457
20064
7033
24588
8342
20162
7508
20028
8893
29138
8458
22064
7355
22381
1241
20306
7142
29148
4273
27193
4459
22578
6706
20210
9377
22011
2713
29247
654
23511
9510
28426
3220
25857
8426
29938
5793
21487
2471
25483
1055
24139
7447
24708
2928
26133
1363
20804
4713
29836
998
29960
1539
25201
7556
21828
4608
21380
8110
29199
990
24012
3699
24458
6826
21060
2706
23027
3077
21609
3512
21019
2283
28713
6775
27100
5650
28610
1759
20457
4580
25332
7923
28233
6509
21897
5763
27827
3614
24890
6974
24842
6520
28019
502
25084
292
23928
6338
24987
789
30000
8241
20229
1295
24150
196
28488
8746
27037
1609
21341
901
26886
1248
24611
5131
25688
6610
28744
8939
25964
7105
23813
25
20303
1929
20379
8360
29160
7655
25659
1156
29985
5380
28407
265
20453
7392
27269
4320
29260
2404
22790
1318
20641
6572
21269
1515
26756
2888
29316
7366
25714
6368
29193
457
20389
914
26501
2446
21201
5748
29281
8711
23594
1074
26917
9160
25414
4307
26645
4989
23247
7669
27244
3749
21564
8589
22156
5613
21234
3223
26110
9607
25312
6576
23766
5470
29470
3402
23556
8087
24615
6051
25883
6723
28788
7716
29266
291
21897
6132
23693
8101
24772
3167
26166
6956
27717
7024
28833
8479
25494
3865
23822
8235
22114
3319
22395
4664
20162
6013
20341
6482
23049
6332
23824
1740
22968
5764
21191
4236
27242
6871
27070
8901
23203
1372
22831
5420
20770
4638
27285
4435
20589
222
24548
2852
25773
5182
28454
9632
21691
2520
20992
413
26763
3353
28016
1125
28581
4121
25983
3678
26793
6205
20044
7843
28839
3143
22079
149
29109
9483
26259
2412
28314
3111
29761
1190
29333
7033
26691
7149
28586
7282
20355
6537
29695
7726
21891
3694
24607
8405
20692
9105
29849
4015
21271
7015
21760
9350
25694
4683
21406
6652
20044
3908
28790
622
23742
1314
29941
5962
22445
8231
28141
8380
25761
2755
27603
8970
21862
8647
21476
7832
21466
1714
20444
4314
23477
2332
29139
6633
29448
5347
26500
1786
27395
2850
28620
1181
26606
52
21751
466
23234
3232
20313
2491
28901
234
24931
1620
29810
4523
26936
7553
27759
2755
25910
9942
20762
9294
22100
6113
26952
3301
24459
9784
28298
457
22506
9207
22768
5824
28420
7948
25608
8754
28626
3418
20634
3418
21832
7408
29933
5088
28250
5063
23319
1193
24914
7938
23044
8918
25055
246
29703
9543
22057
3029
23521
9724
24272
4665
23373
3554
25093
1287
28708
6271
21258
8604
29462
6258
20079
3831
23209
1201
21020
6732
25022
9600
23940
4603
23575
7935
24805
1850
26368
4635
27456
2225
29272
2847
22270
1493
24741
5547
27265
2390
23002
6552
24358
9222
24582
1130
21633
1029
29523
612
22335
12
27345
6570
28380
8673
26197
9753
23178
7659
27083
7815
25456
5385
20897
4598
21152
8753
28044
940
25427
4881
27122
8727
20095
2064
21189
8578
25458
7517
25268
7223
24444
7078
28466
3177
25236
2120
20918
2453
27937
5759
28230
9360
21442
899
29795
8704
29438
2175
27558
3797
24323
4891
22192
3004
21198
6949
25768
9891
23315
6554
28323
6501
27864
9428
23478
5490
27761
2553
27742
5354
24282
9761
29134
8158
26652
8387
24896
1719
26720
9780
27615
1521
26958
1143
28231
3717
23016
3259
27978
6694
29399
4768
27691
4758
22375
5597
22113
9115
24496
2082
23083
1581
23171
2385
21141
765
25840
4263
27585
7620
26910
1059
22614
3130
22795
1745
20917
8560
23739
6274
21404
51
22235
4863
23771
5601
29602
2147
26313
3960
23463
5753
20033
335
26181
2000
27815
2467
27722
8729
22916
3816
27187
750
21235
9800
21159
9787
24596
4525
28068
3348
24527
6160
23617
3795
29129
5456
21697
3923
26983
4148
20384
6799
21162
8425
28479
2698
27694
8671
25180
6515
26023
5905
29394
3742
24675
4703
25405
4426
22103
1715
20475
6808
23320
9765
27086
6826
24790
7067
21948
6596
20013
528
21305
5986
26752
9216
26301
4477
22915
4509
20385
1196
20495
6608
26622
64
23010
3771
27546
9695
28736
7183
27274
408
28001
7903
26916
2379
28681
7741
28345
2597
20178
4726
20318
786
29415
5644
20976
402
23264
8955
21594
2265
29654
6650
20580
2519
28131
8127
26596
7037
28414
6987
29648
8149
26747
8431
24718
9794
25747
6677
25940
3940
25720
4526
28385
1066
25137
3249
23258
4331
28936
4358
24078
2840
24946
3491
27220
230
20342
7855
29280
4206
25648
7294
21556
1529
25449
4731
27377
1213
23011
3769
24643
7749
27513
2752
22235
3074
25741
4764
23981
2930
29988
4453
23791
7231
24151
8481
27089
8761
27054
3900
25927
3125
27787
7993
20506
9855
24841
1344
27398
3378
20441
2963
25097
8483
23745
4526
28967
444
26511
8540
26692
7681
23447
8039
27523
6705
29463
6110
25939
9964
24702
9415
29250
3352
20634
1997
21602
1290
23668
5530
27665
3999
20725
4470
26857
2018
22230
43
26920
2026
25449
4843
28572
8329
27377
2266
28934
6641
22298
973
27342
137
28102
8869
24560
9032
25561
9544
29737
2967
21745
7234
21999
9683
28675
613
25445
8255
27051
953
29321
3270
23962
8660
24699
9130
26032
9023
29425
5590
28492
1021
26495
3415
29910
9671
28902
5829
29573
1436
26449
2257
28038
8487
25025
5752
28542
7629
25463
9073
24640
3094
20122
5647
29336
3201
25835
8918
25421
2703
22654
8640
22232
7859
22923
1073
22504
934
25418
5033
27584
5115
25835
6278
20777
6406
24279
9973
22056
6511
24578
6411
25409
1537
21476
2771
21332
6439
25364
8771
28680
4350
20759
1563
22344
5931
23879
3938
26880
6223
22415
9958
21361
125
29143
5623
21037
394
22327
9291
27029
9921
27004
3696
28031
4210
26162
9739
21582
8345
22117
4397
27900
565
27843
6572
26334
8279
26407
1287
22588
6727
29192
562
25411
4174
21329
7309
22711
2973
29041
9591
20246
674
20901
4519
20435
9956
26561
9142
24792
2924
27429
792
21916
7878
28623
6235
22906
1478
20010
3037
23311
8454
21569
6712
29010
9124
28618
3519
25579
9836
27299
3379
27357
1036
27254
6043
26121
4544
29832
837
29823
8992
24572
5157
23808
6246
22363
8472
21851
9089
22098
6872
20926
8685
26868
6772
27719
1143
24112
7531
22392
9707
29911
9624
25531
5613
21729
7995
24071
1738
28970
4499
23807
8174
25383
9948
20027
4670
22624
7004
21345
4525
22180
7348
25448
8159
22926
9279
27165
6950
27571
134
29854
2830
20587
4840
24351
6303
28243
9224
22231
6423
25173
2002
20995
853
27634
8767
25570
8646
28730
4824
21192
5392
25148
7197
25852
9470
24257
2104
24830
1580
29236
8392
25685
6316
21429
2693
24778
5428
26692
3378
26684
2810
20512
3885
22895
8406
26329
6675
21631
7067
22062
3178
29911
3657
24783
5657
20258
5133
23008
470
27705
3234
24859
1101
29557
527
20124
3649
21172
7865
21161
321
20676
7712
22820
9637
26188
1658
27110
4191
20064
8876
22014
7722
24363
1122
28191
2054
22937
6291
27666
8857
28531
1380
21116
6353
27882
1354
21525
6508
25282
2468
20163
7939
25121
2907
25141
5520
27133
2595
22014
8107
21311
6742
22634
1131
25693
2376
24222
784
28323
2635
25876
8390
28339
1134
24951
7868
26383
3625
21907
4053
20365
5386
27190
8119
25005
883
28611
5480
28011
4958
24116
8155
26306
5423
29534
9157
22513
8102
29802
8529
27958
473
20465
3957
24397
4958
21396
5419
26594
1039
27595
2047
25778
238
24445
9621
29465
5554
27996
8870
22637
7576
29966
3320
26998
2799
25950
9620
23827
2993
28407
3399
23938
9632
28391
7443
27028
987
26286
4723
21691
1253
23542
5494
21397
2156
29373
8626
22148
435
22100
9806
26535
1501
22314
7020
24243
8275
23509
7195
25554
6573
29318
2897
29545
3856
26239
4517
25625
1664
23567
3232
22553
515
28314
857
24167
6211
20475
3482
25064
2589
20710
9067
29560
2956
28255
5403
26721
9510
20731
244
23667
4444
23752
7238
28318
6123
22579
2213
29067
2499
28197
1907
20735
7038
24053
3329
23510
1317
28788
1518
20881
4536
24144
5908
26512
6032
20839
178
27571
3260
23344
415
27351
1151
27818
5090
27375
8127
27302
6435
24483
9812
26151
2337
24592
8874
23553
1767
27970
7381
28611
6827
20934
522
20455
3111
28043
2074
29164
3857
24436
9052
28604
9784
25670
4876
22707
7955
25234
1385
29732
9880
21211
4839
29379
964
21135
3275
23373
2962
28704
9747
25443
4155
28780
2478
25158
1474
24293
7665
23708
93
27856
8817
25781
2058
26747
6780
29050
5184
20213
6420
25578
6407
22078
7680
25670
6953
29647
496
21407
4733
27717
6871
24811
3417
22261
8503
26581
2589
26605
5311
22668
7032
23401
6000
26907
7560
20429
4587
27716
4029
23857
4542
27787
6339
23984
6101
21078
4883
22041
1769
26433
1132
20801
1962
26368
9436
25659
7458
26259
6616
29849
4708
27640
1216
29616
4323
27662
4659
23631
2427
20815
9066
27978
3006
20457
47
23624
7603
29523
3825
24392
2940
24234
8226
23522
6669
28624
4481
20215
4867
22886
4159
27332
2296
26800
9097
24321
6780
28028
9969
22349
890
22925
3131
23530
1124
29954
3739
20930
3361
27362
8676
24847
9175
28865
764
24508
8693
25825
9024
28150
4520
29051
9906
20080
3927
28393
7046
24930
994
22965
4819
26423
7377
20120
8032
24043
2116
20120
1241
20839
6040
22304
7230
21870
9695
23921
6875
23991
4180
25955
3711
24672
941
28684
5722
26777
7782
29529
3673
29856
7920
28918
944
22405
2028
27385
5732
20572
4324
28847
158
25245
3676
29484
9268
22349
1397
28694
3160
28380
7864
28258
5592
28911
6855
28378
5462
25646
331
24387
5854
26837
9864
24534
6488
26542
1909
27263
1167
23378
4728
22483
2316
22331
5569
24074
7663
25001
2314
25350
733
21038
7552
26392
6812
24672
707
22724
8184
26438
6525
20091
6085
22436
7195
20472
7173
23862
2966
29885
7426
22609
1138
21099
6055
28749
2351
23410
5336
23216
2546
28916
9626
22227
9122
21271
4420
26953
9532
24440
7497
22182
5474
25374
3459
29779
5917
29347
4792
27067
8810
20432
894
22616
5062
25164
4907
27796
8822
24317
4436
21461
9344
23373
5552
23180
9508
20691
1239
22622
9020
28813
5849
27475
90
29635
2633
27287
2383
29218
1459
25114
4067
27266
9036
21204
7290
28106
8243
27435
2525
20915
4225
24245
3003
24182
6900
27281
983
23951
3667
22950
2692
22755
2438
20852
3519
25197
3450
20748
962
27741
1756
22388
7501
25976
1688
23781
6377
27257
8392
21872
5477
21328
8893
20233
9681
27920
3933
20142
818
28771
7755
24885
2679
26458
9825
23943
5905
28081
7152
20395
522
25358
4897
27711
7998
20412
5414
28317
7030
26415
7268
25439
2012
27334
7955
25606
2441
26762
2038
28164
4231
26273
7294
20566
5520
24984
9768
28246
7942
27474
5443
21804
1066
22740
6871
29943
7988
27857
1047
22488
4815
20145
4518
21482
437
28720
7419
25194
127
22110
9949
25170
994
25891
7794
27518
8932
25717
4573
28835
2701
20186
2286
24680
488
29034
183
21360
9772
25569
1832
29047
2767
21766
5348
25477
4481
21907
7303
27096
5147
29564
6712
22473
2418
27881
4803
26114
7249
22193
6495
24640
6316
25150
8570
28294
4006
26353
9489
20993
9953
26262
4887
29454
7044
28527
8162
24056
2594
22768
5597
23481
3055
27394
1397
20051
2143
28277
7865
25340
7150
29372
5623
27396
3615
23790
4814
26615
9232
26619
726
26294
840
27840
2112
22012
3728
24536
7092
23544
8834
28443
5567
29128
2458
28776
7702
22282
7764
27791
3687
21474
1666
27537
1676
25718
6228
27902
4794
24292
4813
28709
5913
25354
8316
21096
796
22649
5203
25975
7204
21103
9356
21801
7824
26193
2750
26396
3139
21022
6831
27557
6356
27605
1678
22484
1781
21848
6251
25435
2476
25180
6065
29483
1053
24463
8989
27228
8464
23818
6942
21289
3449
29413
5703
27858
2084
22140
7272
23486
5631
21254
1789
26474
3382
25630
7951
21794
7664
29731
4971
25037
998
23987
6844
25090
9515
27230
9102
20038
7565
23377
3669
23480
7416
26645
5100
22649
3086
20244
521
23184
2791
29218
5196
20595
5150
24662
2873
20520
9261
22188
2350
26308
6130
21283
7200
29864
8367
23041
8299
23074
2119
24302
1410
29772
6735
27399
2418
28243
3142
24379
123
28657
6689
28261
1120
28989
6546
27384
8360
27881
9754
29636
7213
28446
5559
25438
5442
22397
2061
29999
301
24037
5394
24618
4990
29605
8530
27758
3185
24847
9853
28551
7643
27701
8878
22960
3043
28871
6536
22627
4744
25446
7874
27929
5643
27945
3333
25838
2240
27296
4624
28297
1013
20667
4538
26954
2468
20878
7403
25991
7878
26766
7919
27665
4111
22459
1580
27210
949
28779
8610
25130
1180
25325
9892
25476
8782
20548
8999
27360
1318
20874
8244
22358
1833
26422
7512
25475
8590
21801
6492
20808
1584
27986
7695
23585
7767
26238
4044
26857
2686
25823
2304
24706
5326
27393
4525
29729
9761
20838
7225
22890
5856
23714
6960
24419
9050
20041
3552
20925
7506
21240
594
27845
6320
22153
2732
25459
443
27861
2726
25901
4097
25465
8042
23891
7782
22615
2330
27977
6416
27811
4094
28624
2310
29606
9203
27963
260
26157
7261
20810
1754
26561
3447
25386
5460
21371
8312
21059
4081
28058
5130
22829
6489
24421
8054
27681
6039
26651
5602
29957
4523
28029
9894
22169
9046
29125
1118
28592
4522
24673
6584
20635
6695
24204
9658
25054
2340
20141
2651
25323
7533
25774
7800
28807
9254
23211
698
22970
7132
29810
5798
23491
8825
28061
9560
29563
9103
28818
721
23181
9565
20377
3909
24473
7756
21835
9179
20299
5095
22946
7376
20713
3371
20358
5349
24410
4643
25019
1606
23294
7508
23484
1164
29642
4719
23389
6325
24452
2577
27048
8493
24940
6328
23309
6453
20625
8031
28659
3394
26098
4111
28889
6427
26079
2848
27549
2357
24879
7427
20594
5368
28577
7090
27753
6646
24555
2992
24937
5828
27430
3521
22127
1992
24859
8183
27826
8132
26850
826
21830
5440
23203
5177
27205
5852
26534
6257
22491
3453
26731
3707
20547
2709
24300
6396
28000
181
21906
9986
28693
4531
29514
3278
29755
1585
24341
903
28706
4516
25233
1780
22370
2238
20155
8375
28028
6625
22027
8866
23816
9696
22527
2529
25150
7681
25559
3473
27331
8899
20827
4862
21717
261
29667
2300
24534
9640
22706
1361
29410
6507
26820
5832
29370
8520
21446
2704
26637
2075
22216
9441
25651
2788
22899
4793
23428
9177
24973
5152
28788
2031
22647
4158
24438
1713
26581
1068
24441
2268
22424
1394
28940
7349
23317
4722
28651
5959
28073
162
21435
8297
25848
5781
24756
1184
24209
1197
28668
3620
29661
8210
29360
9430
25493
4495
20084
6293
24365
3198
21470
5260
29109
7879
29042
6408
26198
5614
23137
4791
22674
7420
24892
8299
22749
356
29051
3414
26797
4773
26051
9276
22837
3679
26098
4554
25361
3338
21262
4686
22120
8383
27701
1183
22529
4829
24927
8691
27780
7662
28293
8591
21192
5981
25836
1442
20986
5521
25969
4794
22324
7608
28196
8163
20492
5634
21725
264
23211
4441
22762
5943
25872
2577
25967
1710
25600
2506
25853
1868
29097
9597
25377
7818
27372
7720
26247
1217
25176
5480
27962
2707
22847
7757
29983
4429
27264
8377
20059
3091
23685
1237
23156
5299
23511
1457
22668
7758
24663
6222
25273
650
24247
5768
26017
2805
23616
3543
27212
9969
24676
8625
28659
9306
29952
267
27015
2074
27408
5859
23709
5163
25851
9537
24305
448
29382
10000
23895
8370
27788
7663
28779
620
20619
1124
28643
2120
21643
9113
20536
2419
27929
6126
22056
61
22003
203
21727
4711
29788
4136
27579
7376
23106
8028
23902
8296
28856
7967
29797
832
23932
8730
21615
9135
23731
6279
22118
6641
29520
8066
27295
7256
25637
7853
20188
2384
23600
8390
24123
6059
29435
7831
26544
6569
21147
9579
28463
384
29406
8232
24911
1682
27967
917
25568
3068
24583
6856
23447
7788
21584
1429
24061
8196
23014
4047
20486
9244
25398
307
20672
1523
25340
7164
23960
4699
27448
7515
23428
121
20513
6998
21910
6171
22754
6455
25921
7881
22323
3387
24338
270
25086
2178
20081
5988
29897
2956
24509
4653
20705
299
23864
9268
27389
1901
20274
4526
24310
2664
29336
7835
21425
2751
24504
6251
27099
498
20350
409
21939
3593
27827
4532
